//===== rAthena Script =======================================
//= Homunculus EXP Table for 999
//===== By: ==================================================
//= ChrisBowen
//===== Compatible With: =====================================
//= rAthena SVN
//===== Description: =========================================
//= Allows your Homun to reach 999
//============================================================
1
10
18
28
40
85
123
168
220
278
400
481
613
731
875
1038
1213
1400
1575
1775
2268
2604
2786
3136
3506
4130
4796
5508
6264
9645
12392
14220
16159
18209
21649
24451
27401
30499
33748
47342
58160
64711
71573
78749
90144
99312
108870
118816
129154
174196
213220
238080
264150
291427
329640
363155
398116
434526
472381
610848
731828
806448
884232
965180
1073896
1170382
1270556
1374422
1481976
1850800
3389616
3666333
3953534
4251217
4559382
5129260
5488173
5859059
6241919
7374168
9570662
10458427
11380262
12336168
13326144
14994907
16130400
17304200
18516326
19766760
21085096
22473939
23935933
25473761
27090141
28787825
30569594
32438257
34396650
36447628
38594068
40838862
43184915
45635142
48192464
50859807
53640095
56536248
59551182
62687799
65948990
69337627
72856561
76508620
80296602
84223275
88291372
92503586
96862571
101370933
106031232
110845975
115817614
120948544
126241098
131697545
137320088
143110859
149071919
155205253
161512770
167996297
174657580
181498280
188519973
195724146
203112195
210685425
218445048
226392181
234527844
242852961
251368358
260074760
268972793
278062983
287345754
296821429
306490229
316352273
326407578
336656059
347097530
357731703
368558190
379576502
390786051
402186149
413776012
425554759
437521412
449674899
462014055
474537623
487244256
500132518
513200886
526447751
539871420
553470119
567241993
581185110
595297462
609576966
624021468
638628745
653396504
668322389
683403980
698638797
714024301
729557897
745236936
761058717
777020492
793119465
809352795
825717601
842210961
858829917
875571475
892432609
909410264
926501355
943702774
961011389
978424047
995937576
1013548788
1031254481
1049051440
1066936441
1084906252
1102957634
1121087346
1139292145
1157568786
1175914029
1194324635
1212797373
1231329018
1249916355
1268556179
1287245299
1305980536
1324758729
1343576732
1362431419
1381319683
1400238439
1419184625
1438155202
1457147157
1476157502
1495183278
1514221554
1533269429
1552324031
1571382520
1590442090
1609499966
1628553409
1647599713
1666636209
1685660263
1704669278
1723660695
1742631992
1761580687
1780504336
1799400534
1818266916
1837101157
1855900974
1874664122
1893388399
1912071644
1930711737
1949306600
1967854196
1986352530
2004799649
2023193642
2041532640
2059814816
2078038384
2096201600
2114302763
2132340212
2150312328
2168217533
2186054291
2203821106
2221516523
2239139127
2256687544
2274160439
2291556517
2308874523
2326113241
2343271492
2360348137
2377342074
2394252239
2411077605
2427817182
2444470016
2461035190
2477511822
2493899065
2510196107
2526402170
2542516509
2558538414
2574467207
2590302243
2606042908
2621688620
2637238829
2652693014
2668050684
2683311379
2698474666
2713540143
2728507434
2743376192
2758146097
2772816855
2787388198
2801859883
2816231694
2830503439
2844674950
2858746082
2872716714
2886586747
2900356105
2914024733
2927592598
2941059688
2954426010
2967691593
2980856483
2993920747
3006884469
3019747752
3032510717
3045173501
3057736259
3070199161
3082562393
3094826158
3106990673
3119056170
3131022894
3142891106
3154661079
3166333099
3177907466
3189384491
3200764497
3212047820
3223234805
3234325809
3245321200
3256221356
3267026664
3277737521
3288354333
3298877514
3309307489
3319644689
3329889553
3340042528
3350104069
3360074637
3369954700
3379744733
3389445216
3399056636
3408579485
3418014261
3427361466
3436621608
3445795199
3454882755
3463884797
3472801849
3481634440
3490383101
3499048368
3507630778
3516130872
3524549194
3532886290
3541142708
3549318998
3557415713
3565433406
3573372633
3581233950
3589017916
3596725090
3604356032
3611911302
3619391462
3626797073
3634128697
3641386897
3648572235
3655685273
3662726573
3669696697
3676596205
3683425658
3690185617
3696876640
3703499285
3710054109
3716541669
3722962519
3729317213
3735606303
3741830339
3747989871
3754085446
3760117610
3766086907
3771993879
3777839066
3783623006
3789346235
3795009287
3800612694
3806156985
3811642688
3817070327
3822440424
3827753500
3833010071
3838210653
3843355757
3848445893
3853481568
3858463286
3863391548
3868266853
3873089696
3877860570
3882579965
3887248368
3891866263
3896434130
3900952448
3905421692
3909842333
3914214841
3918539681
3922817316
3927048205
3931232805
3935371569
3939464947
3943513385
3947517328
3951477216
3955393486
3959266573
3963096907
3966884916
3970631025
3974335655
3977999224
3981622147
3985204835
3988747697
3992251137
3995715558
3999141358
4002528933
4005878676
4009190975
4012466216
4015704782
4018907052
4022073402
4025204206
4028299834
4031360652
4034387025
4037379312
4040337871
4043263057
4046155220
4049014709
4051841869
4054637042
4057400566
4060132778
4062834010
4065504592
4068144851
4070755111
4073335693
4075886914
4078409090
4080902532
4083367550
4085804450
4088213536
4090595108
4092949463
4095276897
4097577701
4099852165
4102100575
4104323215
4106520366
4108692307
4110839312
4112961655
4115059606
4117133433
4119183400
4121209770
4123212802
4125192754
4127149880
4129084433
4130996662
4132886814
4134755133
4136601862
4138427240
4140231505
4142014891
4143777631
4145519954
4147242089
4148944261
4150626693
4152289606
4153933218
4155557746
4157163403
4158750402
4160318952
4161869260
4163401532
4164915971
4166412777
4167892150
4169354286
4170799380
4172227625
4173639211
4175034327
4176413160
4177775894
4179122712
4180453795
4181769321
4183069467
4184354408
4185624318
4186879367
4188119725
4189345560
4190557037
4191754321
4192937573
4194106954
4195262623
4196404736
4197533449
4198648916
4199751289
4200840717
4201917350
4202981334
4204032815
4205071936
4206098840
4207113668
4208116558
4209107648
4210087074
4211054971
4212011472
4212956708
4213890810
4214813906
4215726123
4216627588
4217518424
4218398755
4219268703
4220128387
4220977927
4221817441
4222647044
4223466852
4224276979
4225077537
4225868637
4226650390
4227422904
4228186286
4228940643
4229686080
4230422700
4231150607
4231869902
4232580686
4233283058
4233977116
4234662957
4235340677
4236010370
4236672131
4237326053
4237972227
4238610743
4239241692
4239865161
4240481239
4241090012
4241691565
4242285983
4242873350
4243453749
4244027261
4244593967
4245153947
4245707279
4246254042
4246794313
4247328169
4247855684
4248376933
4248891990
4249400928
4249903818
4250400732
4250891740
4251376912
4251856316
4252330020
4252798092
4253260597
4253717602
4254169171
4254615368
4255056257
4255491900
4255922359
4256347695
4256767969
4257183240
4257593568
4257999011
4258399627
4258795472
4259186603
4259573076
4259954946
4260332267
4260705093
4261073477
4261437472
4261797129
4262152500
4262503636
4262850586
4263193401
4263532129
4263866819
4264197518
4264524274
4264847134
4265166143
4265481348
4265792793
4266100523
4266404582
4266705014
4267001861
4267295166
4267584971
4267871318
4268154248
4268433801
4268710017
4268982936
4269252597
4269519039
4269782300
4270042418
4270299430
4270553373
4270804284
4271052198
4271297151
4271539179
4271778316
4272014596
4272248054
4272478723
4272706636
4272931826
4273154325
4273374166
4273591380
4273805998
4274018051
4274227570
4274434585
4274639125
4274841221
4275040901
4275238194
4275433128
4275625732
4275816033
4276004059
4276189837
4276373393
4276554754
4276733946
4276910995
4277085927
4277258767
4277429540
4277598270
4277764982
4277929700
4278092447
4278253247
4278412124
4278569100
4278724198
4278877440
4279028849
4279178446
4279326253
4279472291
4279616582
4279759146
4279900004
4280039176
4280176683
4280312544
4280446779
4280579407
4280710448
4280839920
4280967842
4281094233
4281219111
4281342494
4281464400
4281584846
4281703850
4281821429
4281937601
4282052382
4282165788
4282277836
4282388543
4282497924
4282605995
4282712772
4282818270
4282922505
4283025492
4283127245
4283227779
4283327109
4283425250
4283522215
4283618019
4283712675
4283806197
4283898599
4283989894
4284080096
4284169217
4284257270
4284344268
4284430224
4284515150
4284599059
4284681963
4284763873
4284844802
4284924761
4285003762
4285081817
4285158936
4285235131
4285310413
4285384793
4285458282
4285530890
4285602628
4285673507
4285743536
4285812726
4285881087
4285948628
4286015360
4286081292
4286146434
4286210795
4286274385
4286337213
4286399288
4286460619
4286521215
4286581084
4286640236
4286698679
4286756421
4286813471
4286869837
4286925527
4286980550
4287034913
4287088625
4287141693
4287194125
4287245928
4287297110
4287347678
4287397640
4287447003
4287495774
4287543961
4287591570
4287638608
4287685082
4287730999
4287776365
4287821187
4287865472
4287909226
4287952455
4287995166
4288037365
4288079058
4288120251
4288160950
4288201161
4288240890
4288280143
4288318925
4288357242
4288395099
4288432502
4288469457
4288505969
4288542043
4288577684
4288612898
4288647690
4288682064
4288716026
4288749581
4288782733
4288815488
4288847850
4288879824
4288911414
4288942626
4288973463
4289003930
4289034032
4289063773
4289093157
4289122189
4289150873
4289179213
4289207213
4289234877
4289262209
4289289213
4289315893
4289342253
4289368297
4289394029
4289419452
4289444570
4289469387
4289493906
4289518131
4289542066
4289565714
4289589078
4289612162
4289634969
4289657502
4289679765
4289701761
4289723493
4289744964
4289766178
4289787137
4289807845
4289828305
4289848519
4289868491
4289888223
4289907718
4289926979
4289946009
4289964811
4289983388
4290001742
4290019876
4290037792
4290055493
4290072982
4290090261
4290107333
4290124200
4290140865
4290157330
4290173597
4290189669
4290205548
4290221237
4290236737
4290252051
4290267182
4290282131
4290296901
4290311494
4290325912
4290340157
4290354231
4290368136
4290381874
4290395447
4290408857
4290422107
4290435198
4290448132
4290460910
4290473535
4290486009
4290498333
4290510509
4290522539
4290534425
4290546168
4290557770
4290569233
4290580558
4290591748
4290602803
4290613726
4290624518
4290635180
4290645714
4290656122
4290666405
4290676565
4290686603
4290696520
4290706318
4290715999
4290725564
4290735014
4290744350
4290753574
4290762688
4290771692
4290780588
4290789378
4290798062
4290806642
4290815119
4290823494
4290831769
4290839944
4290848021
4290856001
4290863886
4290871676
4290879373
4290886977
4290894490
4290901913
4290909247
4290916493
4290923652
4290930725
4290937713
4290944617
4290951438
4290958178
4290964837
4290971416
4290977916
4290984338
4290990683
4290996952
4291003145
4291009264
4291015310
4291021283
4291027184
4291033015
4291038776
4291044468
4291050091
4291055647
4291061136
4291066559
4291071917
4291077211
4291082441
4291087609
4291092715
4291097759
4291102743
4291107667
4291112532
4291117338